# H	I
154.508581818182      -0.842484431789245
145.323445454545      -0.857778461626885
149.7965      -0.846120795425608
153.825672727273      -0.853381253327777
154.645163636364      -0.84965266585403
152.220836363636      -0.870496099266153
155.089054545455      -0.846622362823727
154.576872727273      -0.849673588443642
154.337854545455      -0.846232752434117
154.645163636364      -0.853452554575549
155.430509090909      -0.842985999187363
154.815890909091      -0.860582679352733
150.684281818182      -0.846622362823727
153.108618181818      -0.854315721158797
153.791527272727      -0.833080043074511
154.372      -0.846551061575955
154.679309090909      -0.847123930221846
155.089054545455      -0.843504553716613
154.850036363636      -0.843805875727321
153.791527272727      -0.857129573972649
154.542727272727      -0.850187425212319
155.464654545455      -0.853493210336286
154.611018181818      -0.84679335170945
153.689090909091      -0.85386444460942
154.440290909091      -0.836286140560527
154.645163636364      -0.853605167344795
154.337854545455      -0.853823788848683
153.450072727273      -0.842237423895178
154.542727272727      -0.847123930221846
154.7476      -0.843097956195872
153.347636363636      -0.860694636361241
150.411118181818      -0.846663018584464
154.645163636364      -0.864000421485208
154.815890909091      -0.839461592559509
154.269563636364      -0.857388851237275
153.108618181818      -0.839851202949119
153.415927272727      -0.850688992610438
151.196463636364      -0.839532893807281
150.376972727273      -0.850688992610438
153.791527272727      -0.843209913204381
153.347636363636      -0.853935745857191
152.767163636364      -0.846993597096861
153.108618181818      -0.853329685251131
153.654945454545      -0.850948269875063
153.176909090909      -0.85386444460942
150.547709090909      -0.847123930221846
153.313490909091      -0.85386444460942
151.572072727273      -0.850688992610438
153.415927272727      -0.853296493290961
152.050109090909      -0.864773535518511
151.128181818182      -0.842491895589812
152.801309090909      -0.850299382220828
153.6208      -0.836657374833661
148.703845454545      -0.854788814357319
153.279345454545      -0.836657374833661
152.630581818182      -0.854325356246802
153.415927272727      -0.836586073585889
151.230618181818      -0.847658689580135
152.664727272727      -0.839963159957628
152.528145454545      -0.853935745857191
151.913527272727      -0.833021011197297
151.811090909091      -0.85425405499903
152.1184      -0.836586073585889
150.206254545455      -0.847554196372194
150.820872727273      -0.833451277347645
151.606218181818      -0.850299382220828
150.957454545455      -0.843858800858616
150.547709090909      -0.850800949618947
149.557481818182      -0.843858800858616
149.967236363636      -0.850411339229337
151.059890909091      -0.843930102106388
151.162327272727      -0.837087640984008
147.269736363636      -0.844289067008964
150.9916      -0.837016339736236
149.181890909091      -0.851019571122835
150.2404      -0.843858800858616
149.250181818182      -0.847164585982583
150.718436363636      -0.833522578595416
150.172109090909      -0.851060226883572
149.796509090909      -0.840393426107975
149.420909090909      -0.858332954156299
150.206254545455      -0.833522578595416
150.035527272727      -0.850800949618947
147.679481818182      -0.834057337953705
149.455054545455      -0.850800949618947
148.977018181818      -0.834128639201477
149.455054545455      -0.847666153380703
148.533127272727      -0.837016339736236
145.221009090909      -0.851302517017066
148.089236363636      -0.840724004620372
148.259963636364      -0.844301336379522
147.679490909091      -0.837087640984008
147.645345454545      -0.847594852132931
147.816072727273      -0.831027034923402
146.757554545455      -0.840464727355747
146.313672727273      -0.847925430645327
147.064872727273      -0.846929759649656
145.562472727273      -0.847666153380703
144.503963636364      -0.847034252857598
146.211236363636      -0.847925430645327
145.699054545455      -0.833244925214315
144.025927272727      -0.851561794281691
144.401518181818      -0.840334394230761
145.118581818182      -0.847666153380703
143.923481818182      -0.833952844745764
145.323454545455      -0.854537000893261
145.084436363636      -0.847607121503489
144.845418181818      -0.854477969016048
145.664909090909      -0.837199597992517
142.762545454546      -0.847060092774642
145.050290909091      -0.833952844745764
143.582036363636      -0.844029789744339
144.162509090909      -0.830718360869568
138.426054545455      -0.847001060897428
143.957636363636      -0.840724004620372
142.830827272727      -0.85056612328602
144.401527272727      -0.830647059621797
142.318645454545      -0.844401024017472
142.660109090909      -0.833781855860041
143.172290909091      -0.840764660381109
142.660109090909      -0.840983281884997
142.762545454545      -0.837199597992517
140.4748      -0.840724004620372
142.864981818182      -0.834169294962214
139.723590909091      -0.844289067008964
142.284509090909      -0.837128296744745
139.621154545455      -0.837919786894524
140.918690909091      -0.83738757400937
139.518727272727      -0.857225326152119
139.860181818182      -0.830687715382534
139.689454545455      -0.844790634407083
138.801663636364      -0.837960442655261
135.489554545455      -0.844472325265244
139.313854545455      -0.830328750479958
137.504145454545      -0.854017057378665
137.572427272727      -0.83428342325816
137.265127272727      -0.840835961628881
138.152909090909      -0.841166540141277
136.650509090909      -0.841266227779228
136.6505      -0.837458875257142
135.113954545455      -0.848396352556412
136.104181818182      -0.837458875257142
135.728581818182      -0.83449506790462
132.792063636364      -0.834212122010389
134.260318181818      -0.841266227779228
131.153045454545      -0.834212122010389
131.767681818182      -0.840876617389618
127.567718181818      -0.844401024017472
126.133609090909      -0.834324079018897
121.899572727273      -0.83389381286855
118.041136363636      -0.827901873773162
114.5583      -0.834454412143883
111.416918181818      -0.827624220392061
105.475609090909      -0.827293641879664
100.183054545455      -0.820422794367106
96.5295      -0.830818048507519
91.5783090909091      -0.823728579491073
85.1589636363636      -0.823486289357578
79.0810727272727      -0.823987856755697
73.0031818181818      -0.830930005516028
67.5399090909091      -0.817782101726413
60.0279      -0.816786430730742
50.4329363636364      -0.809974615095397
46.4720636363636      -0.816786430730742
35.5455090909091      -0.800002163304763
29.4334727272727      -0.813722935740269
25.0970090909091      -0.786459843555547
14.4094090909091      -0.785698998892803
9.83389090909091      -0.7963657996684
2.32189090909091      -0.79297172616553
-6.07789090909091      -0.767919060471153
-14.3752454545455      -0.778828151380244
-23.7994545454545      -0.772275613009524
-29.9456636363636      -0.776057125614566
-35.7845363636364      -0.75484245792931
-43.1941      -0.762155840962774
-51.6280272727273      -0.747569730656583
-60.6425272727273      -0.741086322246197
-68.4618363636364      -0.737162207145611
-76.8274818181818      -0.730968721486885
-84.4077636363637      -0.727115907634071
-91.8173363636364      -0.720632499223685
-100.900118181818      -0.720026438617624
-108.036518181818      -0.700283169409115
-118.553327272727      -0.700207062591352
-124.050736363636      -0.68662889265139
-133.065209090909      -0.69204061105776
-140.269927272727      -0.665826115000004
-149.898945454545      -0.672266696362216
-157.547527272727      -0.648281002911281
-166.015609090909      -0.654876368330176
-173.322827272727      -0.630890674879242
-181.210427272727      -0.645146206673037
-189.371190909091      -0.616918088979679
-197.292936363636      -0.610824290958903
-206.068363636364      -0.589555309157006
-214.434054545455      -0.569229647972041
-222.970418181818      -0.561916264938577
-231.779945454545      -0.531589677763382
-241.272390909091      -0.397843001549437
-247.725972727273      -0.043859902467684
-259.472018181818      0.197539244823036
-263.603609090909      0.328015092044227
-275.7594      0.40745388608564
-280.744663636364      0.465545045034258
-288.905490909091      0.48647204906471
-296.622363636364      0.528054422681013
-309.631790909091      0.531560453192391
-313.080472727273      0.545097967371617
-323.221763636364      0.555434189634817
-330.870354545454      0.575783519449387
-339.475009090909      0.576460881303219
-347.294318181818      0.600028490164946
-357.162409090909      0.587115412708258
-367.132936363636      0.607648000779109
-373.962018181818      0.607293753637106
-380.654527272727      0.627885373585171
-388.712854545455      0.628320445305509
-398.888290909091      0.652306138756443
-405.375936363636      0.648239508969732
-413.673281818182      0.666131404399891
-422.277936363636      0.662107601661354
-431.838709090909      0.679497929693393
-438.292254545455      0.679110490591221
-448.262727272727      0.686628054470577
-455.774727272727      0.693182764128735
-464.481818181818      0.700671941617912
-471.857336363636      0.714209455797138
-481.247336363636      0.724156067670728
-489.920281818182      0.737919667154408
-499.1737      0.734993857332047
-505.524763636364      0.752096433899864
-514.266090909091      0.748464875833491
-524.202418181818      0.762173378898439
-532.6022      0.765822011905361
-539.533727272727      0.782534978083567
-547.489718181818      0.789955025612411
-557.050445454545      0.803492539791636
-564.767318181818      0.800462236761333
-572.689063636364      0.824447930212267
-581.020572727273      0.817393824443428
-589.591163636364      0.838461171872568
-598.229963636364      0.831608700476486
-608.883354545455      0.855204783537809
-617.317281818182      0.84815067776897
-625.751309090909      0.869607635587721
-630.360936363636      0.862118545907962
-639.682645454545      0.886496396221641
-647.1605      0.883468264478775
-655.901754545455      0.896297859126552
-663.550418181818      0.900787291263043
-673.145290909091      0.917324550794955
-680.828018181818      0.928480649598112
-690.218027272727      0.934790897835338
-697.627681818182      0.932045711986704
-708.793254545455      0.945093928138368
-713.710190909091      0.962267805953958
-721.939245454545      0.95550145164934
-728.256154545455      0.976599356756097
-735.153581818182      0.965619052408652
-735.495090909091      0.979344542604731
-735.938981818182      0.969645026434626
-734.675590909091      0.975850781463911
-736.519436363636      0.973469366087843
-731.465863636364      0.979415843852502
-729.178090909091      0.969474037548904
-726.173281818182      0.969469231978913
-724.841618181818      0.969904303699251
-718.832009090909      0.972214417827547
-713.983354545455      0.955819760791179
-709.954190909091      0.968377808803772
-704.661645454546      0.952399847371265
-700.188590909091      0.955170873136943
-695.442336363637      0.945412237280207
-695.271563636364      0.937780545104904
-684.584018181818      0.938574581727818
-679.632927272727      0.931297136694518
-673.213581818182      0.925062907465636
-668.9454      0.917141292538674
-662.116309090909      0.90695239053159
-656.345654545455      0.906776683885295
-651.736      0.900787291263043
-645.862972727273      0.896791962724104
-639.170463636364      0.897077079905773
-632.307227272727      0.876053022519923
-626.775663636364      0.868663532668696
-620.970918181818      0.865604843248214
-613.732      0.868734833916468
-607.688254545455      0.851962835861047
-602.668872727273      0.845283899823822
-596.112945454545      0.841514656589338
-588.361927272727      0.837476413192806
-581.805927272727      0.828076830048063
-582.113236363636      0.823575128541015
-568.762336363636      0.814322865652388
-561.728372727273      0.817167739138973
-556.026081818182      0.800350279752824
-548.343354545455      0.792388009065125
-541.719045454545      0.804262125482852
-536.870381818182      0.782558159770035
-528.675472727273      0.769868908520946
-522.665872727273      0.76890388301231
-514.300236363636      0.752478580488907
-507.573554545455      0.758066093350991
-500.915118181818      0.745277154463951
-493.710427272727      0.730197028369627
-486.539881818182      0.738147029686768
-480.325409090909      0.73732715314681
-474.315809090909      0.741640790827588
-465.642772727273      0.713843027093995
-457.891745454546      0.706817307715335
-452.838227272727      0.692702207129646
-447.374954545455      0.699615881690379
-440.682445454545      0.682513305122562
-428.765581818182      0.69227185316988
-421.287718181818      0.672507661371759
-414.595209090909      0.661657602339882
-406.741754545455      0.655492503071334
-399.059027272727      0.65809253995129
-394.210281818182      0.645374902312022
-385.298309090909      0.633776267987959
-377.069254545455      0.630972050262111
-370.547472727273      0.633847569235731
-362.489145454545      0.623587365980875
-354.806327272727      0.609439073435017
-348.421127272727      0.610981685350116
-340.123772727273      0.60277240676835
-332.577627272727      0.593273048176238
-325.885118181818      0.586418405492719
-316.973054545454      0.578929228003541
-312.909754545455      0.567844430448155
-301.710036363636      0.558549252701936
-294.573636363636      0.555238749817396
-289.895718181818      0.554984190313344
-283.954336363636      0.555126792808888
-271.627790909091      0.53733458501668
-264.218227272727      0.533522514734021
-256.125754545455      0.533698221380316
-251.584418181818      0.520303309696634
-240.930927272727      0.509928978145832
-233.862818181818      0.51716851345839
-226.145945454545      0.50575785515118
-219.385145454545      0.496676581148276
-209.687836363636      0.498874738268063
-202.824509090909      0.493182820007456
-194.868609090909      0.481479692475451
-187.561481818182      0.4692255129467
-179.605590909091      0.474813025808785
-171.376536363636      0.465589149310337
-167.552154545455      0.447262269969259
-155.601236363636      0.451575907650036
-149.216036363636      0.440379153086142
-140.235781818182      0.437967092223039
-134.089581818182      0.43333251111787
-124.631209090909      0.427200603809492
-117.494809090909      0.43354896133432
-109.880372727273      0.423564240173128
-102.743972727273      0.416505416643716
-93.9344      0.409408396017284
-87.0711090909091      0.406097893132745
-79.5591090909091      0.399143475001856
-71.5690727272727      0.395260103471426
-64.3985272727273      0.381969597186267
-57.5352636363636      0.388778866348477
-49.1354181818182      0.39294998934313
-41.6234090909091      0.378977403443566
-34.0772636363636      0.375229082798694
-27.4530454545455      0.372035254683235
-23.6970363636364      0.381394182067241
-12.7704      0.362193136017587
-8.26320909090909      0.360826230748783
-0.443890909090909      0.357777551602003
4.33647272727273      0.357202136482977
10.4143636363636      0.351284045108496
12.5655272727273      0.355083933830015
15.2288727272727      0.351284045108496
15.7069090909091      0.343794955428737
17.3117727272727      0.344472229473151
16.9362      0.34396594431446
16.3216090909091      0.351172088099988
15.1264818181818      0.346753957211269
18.7800727272727      0.344301240587429
20.3166454545455      0.343619160973024
20.9312636363636      0.348141785069685
18.7459272727273      0.344008771362635
19.8044272727273      0.344360272464643
16.2191545454545      0.343937470114863
21.4775818181818      0.347607025711396
21.9556181818182      0.350749285750208
21.2044181818182      0.347607025711396
18.6093636363636      0.347718982719905
22.7409636363636      0.340405599686441
22.1605      0.351284045108496
23.0141272727273      0.343711384810407
20.3849090909091      0.337487253664646
21.9897636363636      0.344041963322804
24.0726454545455      0.344301240587429
22.2629090909091      0.343970662075032
20.2824818181818      0.348037291861743
23.5604636363636      0.347678326959168
24.8579909090909      0.347607025711396
24.6531181818182      0.34784931584489
25.1994454545455      0.348213086317457
24.2092181818182      0.333275474909257
25.0628636363636      0.340940359044729
22.0921909090909      0.340217623669587
26.0530818181818      0.344505421433321
26.0530818181818      0.340476900934212
26.4628272727273      0.340723908828279
25.4043181818182      0.344113264570576
26.4628272727273      0.337087545191915
26.1555181818182      0.337342104695968
27.0433      0.333451181555552
25.9164909090909      0.340476900934212
27.2823181818182      0.340535932811426
27.1798818181818      0.340476900934212
25.8482      0.347495068702887
26.9408636363636      0.340405599686441
27.7945      0.336987857553965
28.0335181818182      0.344576722681093
27.6579181818182      0.340607234059198
26.7018454545454      0.341011660292501
28.5457      0.340364943925704
28.9554454545455      0.337232694160594
26.9750090909091      0.336970870422834
28.5798454545455      0.333555674763493
28.3408272727273      0.343670729049671
28.7164272727273      0.337726797758146
27.6237727272727      0.333593784051096
29.0237363636364      0.343858705066524
29.3993363636364      0.337263339647629
30.0481      0.340828402036221
29.1603181818182      0.333263205538699
29.8432272727273      0.333555674763493
29.8090818181818      0.340364943925704
26.2920909090909      0.337192038399857
30.1505363636364      0.327100277557589
29.5700636363636      0.34022234143016
29.3993363636364      0.347495068702887
25.8823454545455      0.333686007888479
30.4578454545455      0.340293642677932
29.9798090909091      0.347164490190491
30.5944272727273      0.330492179773021
28.7164272727273      0.340352674555146
30.2871181818182      0.333698277259037
30.4237      0.343599427801899
30.1163909090909      0.326756128498706
31.6870818181818      0.337046889431179
32.1309727272727      0.330321190887298
30.0822454545455      0.347378393933806
28.3749636363636      0.333698277259037
31.9943909090909      0.336469303024715
31.6187909090909      0.333555674763493
31.7553727272727      0.343670729049671
31.8236636363636      0.343357137668404
31.0383090909091      0.354437217463218
32.7797363636364      0.337296531607798
32.2675545454545      0.336398001776943
31.9943909090909      0.340816132665662
29.7066363636364      0.33672858028934
30.8334363636364      0.340716445027712
31.9602454545455      0.336787612166554
33.3602090909091      0.33715138263912
31.8578090909091      0.336122519683279
29.4676181818182      0.340528469010859
26.6335363636364      0.333020915405205
32.4041363636364      0.340457167763087
32.3017      0.333555674763493
32.1992636363636      0.347905689491528
32.0285272727273      0.330339567003775
34.1797      0.340887433913434
31.6870818181818      0.325995283835962
32.1651181818182      0.333757309136251
30.9700181818182      0.343963198274465
31.3456181818182      0.326484581863523
32.2675545454545      0.32684835233609
33.2236272727273      0.343989038191509
33.4285      0.333196709860918
34.1114090909091      0.340352674555146
34.4870090909091      0.343316481907667
28.1700909090909      0.343591964001332
34.8626090909091      0.337080081391348
33.3260636363636      0.336545322033059
34.6577363636364      0.340561660971029
33.5992272727273      0.333586320250528
34.2138454545455      0.344093531399451
33.5309363636364      0.333515019002756
34.2138454545455      0.34024335182919
34.4187181818182      0.329949956614165
34.1114090909091      0.340918079400469
34.2821363636364      0.340971004531764
32.5407090909091      0.351223656176634
34.6918818181818      0.329878655366393
34.9309      0.334146919525861
34.8626090909091      0.326644171490198
34.8967545454545      0.330120945499887
34.9650454545455      0.333013451604637
34.0431181818182      0.337210414516334
32.3699818181818      0.336649815241001
32.2334      0.340528469010859
35.2382090909091      0.333619512210698
35.0674818181818      0.340457167763087
35.0333363636364      0.333619512210698
34.1455545454545      0.330327297633217
36.0918454545455      0.337255875847061
34.0772636363636      0.33754099302873
35.5796636363636      0.33369081345847
34.8967545454545      0.336649815241001
35.9894090909091      0.330515361459488
34.1797      0.330268265756003
34.4528636363636      0.336780148365986
35.3406454545455      0.337355563485012
35.2040636363636      0.337314907724275
34.1455545454545      0.332942150356865
36.2625727272727      0.330615049097439
35.6479545454546      0.336649815241001
36.4333      0.330184782947092
35.7162454545455      0.339955600364968
35.7503909090909      0.334009122600308
35.4430818181818      0.340214877629593
35.8186818181818      0.337816475122394
32.5748454545455      0.340357480125136
36.6040272727273      0.337314907724275
35.2382090909091      0.337255875847061
33.7699545454545      0.330543747849667
32.8821636363636      0.340892239483425
35.8869727272727      0.336708847118215
35.9552636363636      0.33718457459929
35.8869727272727      0.347444777854145
31.9943818181818      0.344198024607392
36.1259909090909      0.330486887259891
35.5796636363636      0.330184782947092
35.5796636363636      0.333462093871461
37.0820636363636      0.333749845335683
35.9211181818182      0.343532932124118
36.3650090909091      0.337386208972047
36.1601363636364      0.33696812438284
36.2967181818182      0.344445032501459
36.3308636363636      0.333403061994248
37.0137727272727      0.344658936244774
35.4430818181818      0.350622401140565
36.1942818181818      0.337386208972047
35.2723545454545      0.337255875847061
35.6479545454546      0.333749845335683
35.9552636363636      0.340461973333078
35.3747909090909      0.340014632242182
36.6723181818182      0.3375741849889
36.8430454545455      0.327126005717191
35.7845363636364      0.330444060211716
36.6381727272727      0.326736395327581
36.8771909090909      0.337645486236672
34.5211545454545      0.340879970112867
37.3210818181818      0.340378402714748
35.7845363636364      0.330372758963945
38.0722818181818      0.336884641573928
30.4578272727273      0.333721371136086
34.0089636363636      0.337314907724275
32.9504545454545      0.3338971655918
33.2577636363636      0.323518116280425
36.9796272727273      0.336537858232492
37.3552272727273      0.337386208972047
33.1553272727273      0.333838133714586
33.7016545454545      0.330042180451548
34.1114      0.34739185272285
33.3943454545455      0.343867446094995
33.6333636363636      0.340708981227145
29.3310272727273      0.326795427204795
33.5992181818182      0.344014766351112
38.7210454545455      0.334068154477522
39.0283545454546      0.334009122600308
35.2040545454545      0.330431790841158
38.9259181818182      0.340708981227145
39.1990818181818      0.33050309208893
39.0283545454545      0.333248277937564
34.4187090909091      0.330431790841158
37.2527909090909      0.336884641573928
39.5063909090909      0.326624438319072
39.9844272727273      0.330444060211716
38.6527545454545      0.341027290368983
40.1551545454545      0.333578856449961
39.7454090909091      0.330260801955436
40.1210090909091      0.330289276155033
39.7112636363636      0.337533529228163
41.0087909090909      0.337419400932217
38.5503181818182      0.330260801955436
37.2527818181818      0.340625498418233
39.5746818181818      0.34441664611128
40.3600272727273      0.333854338543625
39.6088272727273      0.330260801955436
40.6331909090909      0.333954026181575
40.4283181818182      0.339960405934959
41.2819545454545      0.34105576456858
39.5746818181818      0.333077289051842
39.6771181818182      0.334172647685463
41.7258454545455      0.329942492813597
36.2625636363636      0.340337746954011
35.3064909090909      0.333854338543625
37.6283818181818      0.333566587079403
37.3210727272727      0.339948136564401
42.5453363636364      0.343767758457045
41.1795181818182      0.330436596411149
36.1942727272727      0.340668325466408
39.0966363636364      0.326652912518669
41.5892636363636      0.337638022436105
41.6575545454546      0.330289276155033
41.2819545454545      0.340597024218636
43.8428636363636      0.329716407509142
43.0916636363636      0.340668325466408
42.7502090909091      0.330607585296872
43.0916636363636      0.336642351440434
44.5257727272727      0.333854338543625
42.9550818181818      0.33339559819368
43.8087181818182      0.326840888535523
42.3746090909091      0.337031961830044
43.6379909090909      0.3305362840491
41.0429272727273      0.32951222666325
45.0379545454546      0.336989134781869
44.9013727272727      0.333578856449961
45.4477      0.337307443923708
43.9453      0.32951222666325
45.4135545454546      0.337236142675936
46.1647545454545      0.332818011787217
42.4429      0.336917833534098
45.9257363636364      0.326983491031066
45.5842818181818      0.33339559819368
46.5745      0.330289276155033
42.5111818181818      0.343859982294428
45.3111181818182      0.323406159271916
47.0183909090909      0.340337746954011
47.9061727272727      0.333424072393278
42.7502      0.329830535805089
43.3648181818182      0.330824035513322
47.8037363636364      0.334001658799741
48.7256636363636      0.326686104478839
47.6671545454545      0.334001658799741
48.1110454545455      0.333424072393278
47.7695909090909      0.330436596411149
49.7500272727273      0.340625498418233
47.5647181818182      0.337638022436105
49.6475909090909      0.337523894140158
49.3744272727273      0.337319713294266
43.6038272727273      0.330177319146524
45.7208545454545      0.322700411027905
46.9159454545455      0.333958831751566
49.7841727272727      0.322771712275677
51.1158454545455      0.340976999520241
51.6280272727273      0.326871534022557
52.1060636363636      0.327075714868449
52.6865363636364      0.333424072393278
52.9255545454546      0.337136455037986
53.7450454545455      0.333093493880881
53.8133363636364      0.329863727765258
54.3938090909091      0.333528565601219
53.9499272727273      0.343016437124864
54.7352909090909      0.330322468115203
56.3401636363636      0.333500091401622
54.3255909090909      0.333958831751566
55.8962727272727      0.337136455037986
59.1742636363636      0.32358195372763
61.0864181818182      0.326298665376666
59.0718272727273      0.3272921650849
66.2082363636364      0.337136455037986
70.4764181818182      0.323439351232086
73.9251090909091      0.319527505502058
77.4079454545454      0.32308038632951
80.9932181818182      0.320133566108119
85.6028545454545      0.326255838328492
87.8223      0.320276168603663
96.9392363636364      0.317174564325588
102.5391      0.312932140083163
108.753572727273      0.316672996927469
111.655927272727      0.30580201530598
117.4948      0.306165785778546
128.660372727273      0.302165651669616
133.031063636364      0.303090021417515
141.294290909091      0.298600589281024
149.318472727273      0.292901119410432
156.420727272727      0.292076525109901
162.601054545455      0.306082215160216
168.849763636364      0.299206649887085
176.0886      0.299178175687488
186.571263636364      0.295641587498493
190.771154545455      0.292511509020821
199.580681818182      0.288758470615376
204.053818181818      0.292511509020821
212.760909090909      0.288903619584055
216.482763636364      0.285310082995866
227.136154545455      0.274747775428211
234.989609090909      0.274973860732666
249.023490909091      0.28566913570786
256.228190909091      0.27921628497509
263.330445454545      0.281961470823724
273.232627272727      0.272116717875523
282.315390909091      0.282351081213335
290.066436363636      0.268768105703381
294.812645454545      0.264240564279288
301.9149      0.25436525365347
311.817090909091      0.255159290276384
322.163254545455      0.254436554901242
329.367954545455      0.257688025908568
337.2214      0.250800191264879
340.635945454545      0.251594227887792
356.342936363636      0.24056846220962
363.240336363636      0.226671895318401
371.0255      0.199304397735156
378.298481818182      -0.134859413129743
391.0006      -0.41105837490311
395.029836363636      -0.56648502889329
408.244154545455      -0.656027390152413
414.2879      -0.720918183175237
426.3071      -0.738208735759907
432.863090909091      -0.762976284272615
441.092172727273      -0.759064438542587
447.067627272727      -0.773814073933934
461.340436363636      -0.769642950939281
469.330527272727      -0.772777747177526
473.393863636364      -0.769642950939281
486.847190909091      -0.76957164969151
495.349409090909      -0.770144518337401
503.988209090909      -0.756034135512284
512.558818181818      -0.756059975429328
521.368345454545      -0.752079462734082
529.870563636364      -0.745293487015781
538.884963636364      -0.745697913249084
547.318972727273      -0.741657123379417
556.538263636364      -0.739349555724256
563.435645454546      -0.742191882737706
571.220809090909      -0.731613370341012
582.523027272727      -0.728119609200192
592.254509090909      -0.714394031194695
597.615345454545      -0.717887880144933
609.019927272727      -0.707523183682136
613.629554545455      -0.707981924032081
622.268445454545      -0.703886820045773
629.336563636364      -0.693655090990514
635.448590909091      -0.696756695268589
646.784890909091      -0.693726392238286
659.589536363636      -0.682672152360517
668.501509090909      -0.682888602576967
678.608563636364      -0.669376928314786
687.896127272727      -0.669410120274955
695.954527272727      -0.665524114461972
705.412845454545      -0.652131749251425
709.271263636364      -0.645821501014199
720.095390909091      -0.649256230277805
729.997645454545      -0.638014014383183
730.680545454546      -0.638808051006096
747.0021      -0.631418648964288
757.006727272727      -0.624333897708414
764.416290909091      -0.620338569169475
771.928381818182      -0.607219051770038
782.957372727273      -0.606938851915802
786.542636363637      -0.593648345630643
794.088781818182      -0.593389068366018
804.742245454546      -0.586375618357916
811.946936363636      -0.592854309007729
822.600336363636      -0.576500307732098
824.888072727273      -0.572650128161838
839.502390909091      -0.552224691529504
845.341290909091      -0.555690066280146
855.141036363637      -0.548384147047249
856.438563636364      -0.541358515478007
875.525909090909      -0.531730212746255
883.789181818182      -0.535122114961687
890.549972727273      -0.524569442482037
895.944963636364      -0.510734541750585
910.320209090909      -0.510166590432126
918.685936363636      -0.506822696020557
928.110081818182      -0.500441146535559
936.987909090909      -0.486585323214495
943.612127272727      -0.483305378007572
947.129109090909      -0.483020260825903
950.270490909091      -0.472743070439917
949.690018181818      -0.479702206331378
949.963181818182      -0.479310049468633
948.631509090909      -0.476137143942787
945.490127272727      -0.486180896981192
945.285254545454      -0.473002347704542
939.6854      -0.482544533344828
938.490309090909      -0.479669014371209
933.266054545454      -0.493382323006147
930.056372727273      -0.483305378007572
922.373636363636      -0.506463731117981
924.934572727273      -0.503830502277856
919.232263636363      -0.51096062705504
915.681054545454      -0.513731652820718
909.125127272727      -0.517342176540037
904.515490909091      -0.513874255316262
898.471745454546      -0.53121026923166
893.725527272727      -0.528205806118401
886.7257      -0.534516054355627
877.745372727273      -0.544878116535871
874.638118181818      -0.541287214230235
868.526081818182      -0.544819084658657
862.550627272727      -0.561967122557202
854.8679      -0.548124869782624
850.224118181818      -0.561954853186644
844.180309090909      -0.562527721832535
837.2146      -0.568837970069761
829.087981818182      -0.575634969861413
823.863727272727      -0.583312123367443
812.151818181818      -0.596849637546669
803.103254545454      -0.593154242033091
797.230163636364      -0.614282792626883
792.108345454546      -0.600096390793422
784.903654545455      -0.614140277940757
777.630663636364      -0.614035784732816
770.494254545455      -0.613809699428361
763.8017      -0.621165909509999
755.879918181818      -0.623870439597897
746.694781818182      -0.634774724936997
742.119290909091      -0.641448743646789
735.938963636364      -0.645039645952425
727.061109090909      -0.655922896944472
721.563636363636      -0.655618158349119
713.027272727273      -0.655057559073786
705.822572727273      -0.665636071470481
699.130063636364      -0.669070800734087
691.481472727273      -0.675796499277967
684.413281818182      -0.682883797006976
675.911063636364      -0.689550463673643
668.467354545455      -0.686850739155736
661.023636363636      -0.682679616161084
653.375027272727      -0.703711025590059
645.487363636364      -0.710118414992101
638.4534      -0.696580900812876
632.136490909091      -0.7174624435126
623.565963636364      -0.717001531875218
615.3369      -0.731404383925129
608.746754545455      -0.720637895511582
600.688427272727      -0.727943814744479
598.708      -0.727839321536537
587.132681818182      -0.744656780922685
582.284      -0.738287500808246
572.347609090909      -0.74091592407838
567.430663636364      -0.755461378623835
558.723572727273      -0.755753847848629
552.031063636364      -0.755779687765673
543.938536363636      -0.772927725664218
536.050890909091      -0.765362529166697
524.2707      -0.772868693787005
520.309836363636      -0.779941175672321
511.397863636364      -0.765726299639263
504.841845454546      -0.786536541091216
495.656718181818      -0.779810842547335
489.305663636364      -0.796872763354416
480.871736363636      -0.790113872850366
470.969536363636      -0.800509126990779
465.096436363636      -0.800048215353397
457.789309090909      -0.807320942626124
449.423672727273      -0.796984720362924
437.233727272727      -0.817611703558596
433.375290909091      -0.807320942626124
424.668118181818      -0.824064554291366
416.814663636364      -0.807822510024243
408.2783      -0.824494820441713
401.278481818182      -0.821189035317746
393.049336363636      -0.838396105093505
381.5423      -0.824105210052103
375.327836363636      -0.844736998817766
367.679254545455      -0.828059882830305
359.723354545455      -0.834976191673592
352.518572727273      -0.83137793732483
342.1725      -0.834370131067531
336.094609090909      -0.824423519193942
327.250936363636      -0.828260128217716
318.646245454545      -0.841538365132317
312.636581818182      -0.84478511837907
303.690472727273      -0.851615310130892
295.290690909091      -0.841642858340258
287.642109090909      -0.855180372519484
279.925136363636      -0.837973302743725
272.071681818182      -0.847978946494528
261.862181818182      -0.841754815348767
255.920881818182      -0.858427125766237
248.340581818182      -0.838189752960175
239.701690909091      -0.852004920520502
232.667727272727      -0.841754815348767
225.804490909091      -0.844673161370561
216.619354545455      -0.834942999713422
210.541472727273      -0.85193361927273
201.048936363636      -0.838579363349786
195.210063636364      -0.844342582858165
190.600427272727      -0.841538365132317
183.805481818182      -0.831624945218897
178.444645454545      -0.841467063884545
176.839809090909      -0.841642858340258
171.547245454545      -0.841538365132317
169.976545454545      -0.841467063884545
170.864345454545      -0.840673027261632
172.3326      -0.842073124490605
172.4009      -0.841638052770267
171.376527272727      -0.83487169846565
171.922863636364      -0.847803152038815
169.4302      -0.834265637859589
167.415627272727      -0.844772849008512
168.439981818182      -0.834983655474159
168.235118181818      -0.847803152038815
169.088763636364      -0.831736902227406
169.430218181818      -0.854574311913423
168.713136363636      -0.827782229449204
168.918018181818      -0.848668489909501
168.576554545455      -0.827565779232753
164.991263636364      -0.845162459398122
167.825354545455      -0.83487169846565
166.732663636364      -0.844772849008512
167.722881818182      -0.831202142869117
163.386409090909      -0.838177483589617
167.415572727273      -0.834265637859589
167.654581818182      -0.831624945218897
167.654581818182      -0.837654993601887
164.547345454545      -0.844454539866673
167.347272727273      -0.84456866816262
161.781554545455      -0.834879162266217
165.742436363636      -0.844998934312967
165.571709090909      -0.831130841621345
165.879018181818      -0.84456866816262
166.083890909091      -0.837902001495953
164.479054545455      -0.848739791157272
165.127818181818      -0.831130841621345
162.976654545455      -0.844497366914848
164.035163636364      -0.820840080688873
160.757190909091      -0.844815676056687
164.5132      -0.828100538591042
164.001018181818      -0.847803152038815
164.786363636364      -0.827565779232753
163.283963636364      -0.837830700248181
163.625418181818      -0.838013958504462
162.669345454545      -0.844556398792062
162.054727272727      -0.834767205257709
162.566909090909      -0.844597054552798
164.240036363636      -0.831202142869117
161.781563636364      -0.838072990381676
161.713272727273      -0.831202142869117
162.942509090909      -0.830800263108948
163.181527272727      -0.82392941559639
162.054727272727      -0.834436626745312
157.137772727273      -0.84456866816262
161.849854545455      -0.823064077725704
162.293745454545      -0.834161144651648
161.815709090909      -0.830410652719338
160.927927272727      -0.840932304526256
160.620618181818      -0.827235200720357
162.020581818182      -0.840861003278484
161.713272727273      -0.823351829189926
159.6304      -0.837295940889893
161.5084      -0.826845590330746
160.962072727273      -0.841031992164207
159.732836363636      -0.827565779232753
160.962072727273      -0.834479453793487
160.927927272727      -0.827565779232753
158.8792      -0.83772620704024
158.640181818182      -0.833901867387023
160.654763636364      -0.83772620704024
160.279163636364      -0.830524781015284
159.869418181818      -0.841031992164207
159.323090909091      -0.837295940889893
159.6304      -0.837612078744293
160.347454545455      -0.837797508288012
159.186509090909      -0.823582632254954
159.6304      -0.837466929775615
158.537745454545      -0.833440955749641
160.142581818182      -0.827218995891318
155.259781818182      -0.823527535836221
159.152363636364      -0.834161144651648
158.640181818182      -0.829875893361049
159.118218181818      -0.837191447681951
157.410945454545      -0.82363949284473
156.489018181818      -0.830914391404895
157.479236363636      -0.826845590330746
158.913345454545      -0.827278027768531
153.620790909091      -0.833440955749641
157.308509090909      -0.834089843403876
158.093854545455      -0.830206471873446
157.547527272727      -0.830453479767512
156.864618181818      -0.833512256997413
156.728036363636      -0.830453479767512
158.332872727273      -0.833830566139251
156.523163636364      -0.826888417378921
157.991418181818      -0.826557838866524
156.352436363636      -0.826817116131149
157.820690909091      -0.833830566139251
154.372      -0.826817116131149
157.820690909091      -0.837466929775615
156.864618181818      -0.833257697493361
157.820690909091      -0.843820005061016
156.113418181818      -0.826669795875033
158.162145454545      -0.826888417378921
156.6256      -0.826669795875033
155.157345454546      -0.840756510070543
155.8744      -0.826669795875033
157.171927272727      -0.834161144651648
156.25      -0.830306159511396
152.459845454545      -0.833483782797816
155.737818181818      -0.826669795875033
156.523163636364      -0.829918720409224
155.840254545455      -0.826741097122805
154.884181818182      -0.830348986559571
154.884181818182      -0.833010689599294
157.171927272727      -0.826712622923207
155.191490909091      -0.837077319386005
152.937881818182      -0.830277685311799
156.728036363636      -0.837077319386005
154.576872727273      -0.820045956256541
155.020763636364      -0.833830566139251
155.601236363636      -0.823682319892904
155.362218181818      -0.836972826178063
156.147563636364      -0.817188813399398
155.976836363636      -0.836860869169554
155.464654545455      -0.830494135528249
156.6256      -0.830348986559571
155.532945454545      -0.819727647114702
156.318290909091      -0.833654771683538
155.225636363636      -0.826669795875033
155.089054545455      -0.833450590837646
154.645163636364      -0.830306159511396
155.430509090909      -0.823753621140676
155.737818181818      -0.833871221899988
155.191490909091      -0.820117257504313
155.1232      -0.830306159511396
155.259781818182      -0.819511196898252
155.362218181818      -0.83394252314776
155.703672727273      -0.823076259286844
152.0501      -0.833407763789471
